   0.0000000000000000e+00   0.0000000000000000e+00
   3.1415926535897934e-02   3.4941559574315731e-02
   6.2831853071795868e-02   6.6051994021468038e-02
   9.4247779607693802e-02   9.6559362274962118e-02
   1.2566370614359174e-01   1.2775322254279523e-01
   1.5707963267948966e-01   1.5894124207312441e-01
   1.8849555921538760e-01   1.8992521131343795e-01
   2.1991148575128555e-01   2.2125042299966649e-01
   2.5132741228718347e-01   2.5273217565410611e-01
   2.8274333882308139e-01   2.8554649706571777e-01
   3.1415926535897931e-01   3.1677429628505743e-01
   3.4557519189487729e-01   3.4942037127064923e-01
   3.7699111843077521e-01   3.8177175761912624e-01
   4.0840704496667313e-01   4.1533500712584459e-01
   4.3982297150257110e-01   4.4889475923209154e-01
   4.7123889803846902e-01   4.8253553842063118e-01
   5.0265482457436694e-01   5.1756527257788609e-01
   5.3407075111026492e-01   5.5228998525771511e-01
   5.6548667764616278e-01   5.8746881488732439e-01
   5.9690260418206076e-01   6.2401420752465531e-01
   6.2831853071795862e-01   6.6065494811180270e-01
   6.5973445725385660e-01   6.9842308372508388e-01
   6.9115038378975457e-01   7.3705022798575348e-01
   7.2256631032565244e-01   7.7674415711156186e-01
   7.5398223686155041e-01   8.1663188362659578e-01
   7.8539816339744828e-01   8.5855331579131566e-01
   8.1681408993334614e-01   9.0046520212250147e-01
   8.4823001646924412e-01   9.4409227224747139e-01
   8.7964594300514198e-01   9.8899275160057654e-01
   9.1106186954103996e-01   1.0352161793534251e+00
   9.4247779607693793e-01   1.0830410851892955e+00
   9.7389372261283580e-01   1.1328291981324017e+00
   1.0053096491487339e+00   1.1843860670971909e+00
   1.0367255756846316e+00   1.2373485295876561e+00
   1.0681415022205296e+00   1.2931003310674563e+00
   1.0995574287564276e+00   1.3513219531636149e+00
   1.1309733552923253e+00   1.4112945843044182e+00
   1.1623892818282235e+00   1.4732053802424185e+00
   1.1938052083641213e+00   1.5389534770317570e+00
   1.2252211349000193e+00   1.6067829491919021e+00
   1.2566370614359172e+00   1.6784616661630263e+00
   1.2880529879718152e+00   1.7519256215870911e+00
   1.3194689145077132e+00   1.8281252253654710e+00
   1.3508848410436110e+00   1.9068516539426124e+00
   1.3823007675795089e+00   1.9851284076666256e+00
   1.4137166941154069e+00   2.0631183121598622e+00
   1.4451326206513049e+00   2.1372072769330051e+00
   1.4765485471872029e+00   2.2025859510375905e+00
   1.5079644737231006e+00   2.2557304249483821e+00
   1.5393804002589986e+00   2.2903692780976512e+00
   1.5707963267948966e+00   2.3023544308963868e+00
